# Radius per segment (in mm): 50.0, 20.0, 20.0, 10.0, 20.0
Timestep,Temp_Node_1,Temp_Node_2,Temp_Node_3,Temp_Node_4,Temp_Node_5,Temp_Node_6
0,2.00000e+01,2.00000e+01,2.00000e+01,2.00000e+01,2.00000e+01,2.00000e+01
1,5.19182e+00,5.08988e+00,6.72374e+00,8.77758e+00,1.86235e+01,1.99697e+01
2,5.16687e+00,5.06496e+00,6.69824e+00,8.75133e+00,1.85937e+01,1.99394e+01
3,5.14193e+00,5.04006e+00,6.67275e+00,8.72511e+00,1.85639e+01,1.99091e+01
4,5.11703e+00,5.01520e+00,6.64730e+00,8.69892e+00,1.85341e+01,1.98788e+01
5,5.09217e+00,4.99037e+00,6.62190e+00,8.67278e+00,1.85044e+01,1.98487e+01
6,5.06736e+00,4.96560e+00,6.59654e+00,8.64669e+00,1.84748e+01,1.98185e+01
7,5.04260e+00,4.94088e+00,6.57124e+00,8.62065e+00,1.84452e+01,1.97885e+01
8,5.01791e+00,4.91622e+00,6.54600e+00,8.59468e+00,1.84157e+01,1.97585e+01
9,4.99328e+00,4.89163e+00,6.52084e+00,8.56879e+00,1.83863e+01,1.97286e+01
10,4.96874e+00,4.86712e+00,6.49575e+00,8.54298e+00,1.83570e+01,1.96988e+01
11,4.94427e+00,4.84269e+00,6.47075e+00,8.51725e+00,1.83278e+01,1.96691e+01
12,4.91990e+00,4.81835e+00,6.44584e+00,8.49162e+00,1.82987e+01,1.96395e+01
13,4.89563e+00,4.79411e+00,6.42103e+00,8.46610e+00,1.82697e+01,1.96101e+01
14,4.87146e+00,4.76998e+00,6.39633e+00,8.44068e+00,1.82408e+01,1.95807e+01
15,4.84740e+00,4.74596e+00,6.37175e+00,8.41539e+00,1.82121e+01,1.95515e+01
16,4.82346e+00,4.72206e+00,6.34728e+00,8.39022e+00,1.81835e+01,1.95225e+01
17,4.79965e+00,4.69828e+00,6.32295e+00,8.36518e+00,1.81551e+01,1.94936e+01
18,4.77597e+00,4.67463e+00,6.29875e+00,8.34029e+00,1.81268e+01,1.94648e+01
19,4.75243e+00,4.65113e+00,6.27470e+00,8.31554e+00,1.80987e+01,1.94363e+01
20,4.72904e+00,4.62777e+00,6.25080e+00,8.29094e+00,1.80708e+01,1.94079e+01
21,4.70581e+00,4.60457e+00,6.22705e+00,8.26651e+00,1.80431e+01,1.93797e+01
22,4.68273e+00,4.58153e+00,6.20347e+00,8.24225e+00,1.80155e+01,1.93517e+01
23,4.65982e+00,4.55865e+00,6.18006e+00,8.21816e+00,1.79882e+01,1.93239e+01
24,4.63708e+00,4.53595e+00,6.15683e+00,8.19426e+00,1.79610e+01,1.92963e+01
25,4.61453e+00,4.51343e+00,6.13378e+00,8.17055e+00,1.79341e+01,1.92690e+01
26,4.59216e+00,4.49109e+00,6.11092e+00,8.14703e+00,1.79074e+01,1.92418e+01
27,4.56999e+00,4.46895e+00,6.08826e+00,8.12372e+00,1.78810e+01,1.92149e+01
28,4.54802e+00,4.44701e+00,6.06581e+00,8.10062e+00,1.78547e+01,1.91883e+01
29,4.52625e+00,4.42528e+00,6.04357e+00,8.07774e+00,1.78288e+01,1.91619e+01
30,4.50470e+00,4.40375e+00,6.02154e+00,8.05508e+00,1.78030e+01,1.91358e+01
31,4.48336e+00,4.38245e+00,5.99974e+00,8.03265e+00,1.77776e+01,1.91099e+01
32,4.46225e+00,4.36137e+00,5.97817e+00,8.01046e+00,1.77524e+01,1.90843e+01
33,4.44138e+00,4.34053e+00,5.95684e+00,7.98851e+00,1.77275e+01,1.90590e+01
34,4.42074e+00,4.31991e+00,5.93575e+00,7.96682e+00,1.77028e+01,1.90339e+01
35,4.40034e+00,4.29955e+00,5.91490e+00,7.94537e+00,1.76785e+01,1.90092e+01
36,4.38019e+00,4.27943e+00,5.89432e+00,7.92420e+00,1.76545e+01,1.89848e+01
37,4.36030e+00,4.25957e+00,5.87399e+00,7.90329e+00,1.76307e+01,1.89607e+01
38,4.34067e+00,4.23997e+00,5.85393e+00,7.88265e+00,1.76073e+01,1.89369e+01
39,4.32131e+00,4.22063e+00,5.83415e+00,7.86230e+00,1.75842e+01,1.89134e+01
40,4.30222e+00,4.20157e+00,5.81464e+00,7.84223e+00,1.75615e+01,1.88902e+01
41,4.28340e+00,4.18278e+00,5.79542e+00,7.82245e+00,1.75390e+01,1.88674e+01
42,4.26487e+00,4.16428e+00,5.77648e+00,7.80297e+00,1.75169e+01,1.88450e+01
43,4.24663e+00,4.14606e+00,5.75784e+00,7.78380e+00,1.74952e+01,1.88228e+01
44,4.22868e+00,4.12814e+00,5.73950e+00,7.76493e+00,1.74737e+01,1.88011e+01
45,4.21104e+00,4.11052e+00,5.72147e+00,7.74638e+00,1.74527e+01,1.87797e+01
46,4.19369e+00,4.09320e+00,5.70375e+00,7.72815e+00,1.74320e+01,1.87587e+01
47,4.17666e+00,4.07619e+00,5.68634e+00,7.71025e+00,1.74117e+01,1.87380e+01
48,4.15994e+00,4.05949e+00,5.66926e+00,7.69267e+00,1.73918e+01,1.87178e+01
49,4.14353e+00,4.04312e+00,5.65250e+00,7.67543e+00,1.73722e+01,1.86979e+01
50,4.12746e+00,4.02706e+00,5.63607e+00,7.65853e+00,1.73530e+01,1.86784e+01
51,4.11171e+00,4.01133e+00,5.61998e+00,7.64198e+00,1.73342e+01,1.86593e+01
52,4.09629e+00,3.99594e+00,5.60423e+00,7.62577e+00,1.73159e+01,1.86406e+01
53,4.08121e+00,3.98088e+00,5.58882e+00,7.60992e+00,1.72979e+01,1.86224e+01
54,4.06647e+00,3.96616e+00,5.57376e+00,7.59443e+00,1.72803e+01,1.86045e+01
55,4.05207e+00,3.95179e+00,5.55905e+00,7.57931e+00,1.72631e+01,1.85870e+01
56,4.03803e+00,3.93777e+00,5.54470e+00,7.56454e+00,1.72464e+01,1.85700e+01
57,4.02434e+00,3.92409e+00,5.53071e+00,7.55016e+00,1.72301e+01,1.85534e+01
58,4.01101e+00,3.91078e+00,5.51709e+00,7.53614e+00,1.72142e+01,1.85373e+01
59,3.99804e+00,3.89783e+00,5.50384e+00,7.52251e+00,1.71987e+01,1.85216e+01
60,3.98543e+00,3.88524e+00,5.49096e+00,7.50926e+00,1.71837e+01,1.85063e+01
61,3.97319e+00,3.87302e+00,5.47845e+00,7.49640e+00,1.71691e+01,1.84915e+01
62,3.96133e+00,3.86117e+00,5.46633e+00,7.48393e+00,1.71549e+01,1.84771e+01
63,3.94983e+00,3.84970e+00,5.45459e+00,7.47185e+00,1.71412e+01,1.84632e+01
64,3.93872e+00,3.83860e+00,5.44323e+00,7.46017e+00,1.71280e+01,1.84497e+01
65,3.92799e+00,3.82788e+00,5.43227e+00,7.44889e+00,1.71152e+01,1.84367e+01
66,3.91764e+00,3.81755e+00,5.42170e+00,7.43802e+00,1.71029e+01,1.84242e+01
67,3.90768e+00,3.80761e+00,5.41152e+00,7.42755e+00,1.70910e+01,1.84121e+01
68,3.89811e+00,3.79805e+00,5.40174e+00,7.41749e+00,1.70796e+01,1.84005e+01
69,3.88894e+00,3.78889e+00,5.39237e+00,7.40785e+00,1.70686e+01,1.83894e+01
70,3.88015e+00,3.78012e+00,5.38339e+00,7.39862e+00,1.70582e+01,1.83788e+01
71,3.87177e+00,3.77174e+00,5.37483e+00,7.38981e+00,1.70482e+01,1.83686e+01
72,3.86378e+00,3.76377e+00,5.36667e+00,7.38142e+00,1.70387e+01,1.83589e+01
73,3.85620e+00,3.75620e+00,5.35892e+00,7.37345e+00,1.70296e+01,1.83497e+01
74,3.84902e+00,3.74903e+00,5.35159e+00,7.36590e+00,1.70211e+01,1.83410e+01
75,3.84225e+00,3.74226e+00,5.34466e+00,7.35878e+00,1.70130e+01,1.83328e+01
76,3.83588e+00,3.73591e+00,5.33816e+00,7.35209e+00,1.70054e+01,1.83251e+01
77,3.82992e+00,3.72996e+00,5.33207e+00,7.34583e+00,1.69983e+01,1.83179e+01
78,3.82438e+00,3.72442e+00,5.32641e+00,7.34000e+00,1.69917e+01,1.83112e+01
79,3.81924e+00,3.71929e+00,5.32116e+00,7.33460e+00,1.69856e+01,1.83050e+01
80,3.81452e+00,3.71457e+00,5.31633e+00,7.32964e+00,1.69799e+01,1.82993e+01
81,3.81021e+00,3.71027e+00,5.31193e+00,7.32511e+00,1.69748e+01,1.82940e+01
82,3.80643e+00,3.70650e+00,5.30806e+00,7.32111e+00,1.69702e+01,1.82893e+01
83,3.80295e+00,3.70302e+00,5.30450e+00,7.31745e+00,1.69660e+01,1.82851e+01
84,3.79988e+00,3.69995e+00,5.30136e+00,7.31422e+00,1.69624e+01,1.82814e+01
85,3.79722e+00,3.69730e+00,5.29865e+00,7.31144e+00,1.69592e+01,1.82782e+01
86,3.79498e+00,3.69507e+00,5.29636e+00,7.30909e+00,1.69566e+01,1.82755e+01
87,3.79316e+00,3.69325e+00,5.29451e+00,7.30718e+00,1.69544e+01,1.82733e+01
88,3.79176e+00,3.69185e+00,5.29308e+00,7.30571e+00,1.69528e+01,1.82716e+01
89,3.79078e+00,3.69087e+00,5.29207e+00,7.30468e+00,1.69516e+01,1.82705e+01
90,3.79021e+00,3.69031e+00,5.29150e+00,7.30410e+00,1.69510e+01,1.82698e+01
91,3.79007e+00,3.69016e+00,5.29135e+00,7.30395e+00,1.69508e+01,1.82696e+01
92,3.79034e+00,3.69043e+00,5.29163e+00,7.30424e+00,1.69511e+01,1.82700e+01
93,3.79103e+00,3.69112e+00,5.29234e+00,7.30496e+00,1.69520e+01,1.82708e+01
94,3.79214e+00,3.69222e+00,5.29347e+00,7.30613e+00,1.69533e+01,1.82722e+01
95,3.79366e+00,3.69374e+00,5.29503e+00,7.30773e+00,1.69551e+01,1.82740e+01
96,3.79560e+00,3.69568e+00,5.29701e+00,7.30977e+00,1.69575e+01,1.82764e+01
97,3.79795e+00,3.69803e+00,5.29941e+00,7.31225e+00,1.69603e+01,1.82793e+01
98,3.80071e+00,3.70079e+00,5.30224e+00,7.31516e+00,1.69636e+01,1.82826e+01
99,3.80389e+00,3.70396e+00,5.30549e+00,7.31850e+00,1.69674e+01,1.82865e+01
100,3.80748e+00,3.70755e+00,5.30916e+00,7.32228e+00,1.69717e+01,1.82909e+01
101,3.81148e+00,3.71154e+00,5.31325e+00,7.32649e+00,1.69765e+01,1.82957e+01
102,3.81602e+00,3.71608e+00,5.31787e+00,7.33122e+00,1.69817e+01,1.83011e+01
103,3.82085e+00,3.72090e+00,5.32280e+00,7.33629e+00,1.69875e+01,1.83069e+01
104,3.82608e+00,3.72612e+00,5.32814e+00,7.34179e+00,1.69937e+01,1.83133e+01
105,3.83171e+00,3.73174e+00,5.33390e+00,7.34771e+00,1.70004e+01,1.83201e+01
106,3.83774e+00,3.73777e+00,5.34006e+00,7.35405e+00,1.70076e+01,1.83274e+01
107,3.84417e+00,3.74419e+00,5.34663e+00,7.36081e+00,1.70153e+01,1.83352e+01
108,3.85100e+00,3.75101e+00,5.35361e+00,7.36798e+00,1.70234e+01,1.83434e+01
109,3.85822e+00,3.75822e+00,5.36098e+00,7.37557e+00,1.70320e+01,1.83522e+01
110,3.86583e+00,3.76581e+00,5.36876e+00,7.38357e+00,1.70411e+01,1.83614e+01
111,3.87383e+00,3.77380e+00,5.37693e+00,7.39197e+00,1.70506e+01,1.83711e+01
112,3.88222e+00,3.78217e+00,5.38550e+00,7.40079e+00,1.70606e+01,1.83813e+01
113,3.89098e+00,3.79093e+00,5.39446e+00,7.41000e+00,1.70711e+01,1.83919e+01
114,3.90013e+00,3.80006e+00,5.40380e+00,7.41961e+00,1.70820e+01,1.84030e+01
115,3.90965e+00,3.80957e+00,5.41353e+00,7.42962e+00,1.70933e+01,1.84145e+01
116,3.91955e+00,3.81945e+00,5.42364e+00,7.44002e+00,1.71051e+01,1.84265e+01
117,3.92981e+00,3.82970e+00,5.43413e+00,7.45081e+00,1.71174e+01,1.84389e+01
118,3.94044e+00,3.84032e+00,5.44499e+00,7.46198e+00,1.71300e+01,1.84518e+01
119,3.95143e+00,3.85129e+00,5.45622e+00,7.47353e+00,1.71431e+01,1.84651e+01
120,3.96279e+00,3.86263e+00,5.46782e+00,7.48546e+00,1.71567e+01,1.84789e+01
121,3.97449e+00,3.87432e+00,5.47978e+00,7.49777e+00,1.71706e+01,1.84930e+01
122,3.98655e+00,3.88636e+00,5.49210e+00,7.51044e+00,1.71850e+01,1.85077e+01
123,3.99896e+00,3.89875e+00,5.50478e+00,7.52348e+00,1.71998e+01,1.85227e+01
124,4.01170e+00,3.91148e+00,5.51780e+00,7.53687e+00,1.72150e+01,1.85381e+01
125,4.02479e+00,3.92454e+00,5.53117e+00,7.55063e+00,1.72306e+01,1.85540e+01
126,4.03821e+00,3.93794e+00,5.54488e+00,7.56473e+00,1.72466e+01,1.85702e+01
127,4.05196e+00,3.95167e+00,5.55893e+00,7.57918e+00,1.72630e+01,1.85869e+01
128,4.06603e+00,3.96573e+00,5.57331e+00,7.59398e+00,1.72798e+01,1.86040e+01
129,4.08043e+00,3.98010e+00,5.58802e+00,7.60911e+00,1.72969e+01,1.86214e+01
130,4.09514e+00,3.99479e+00,5.60305e+00,7.62457e+00,1.73145e+01,1.86392e+01
131,4.11016e+00,4.00979e+00,5.61840e+00,7.64035e+00,1.73324e+01,1.86574e+01
132,4.12549e+00,4.02509e+00,5.63406e+00,7.65646e+00,1.73507e+01,1.86760e+01
133,4.14111e+00,4.04070e+00,5.65003e+00,7.67289e+00,1.73693e+01,1.86950e+01
134,4.15704e+00,4.05660e+00,5.66630e+00,7.68963e+00,1.73883e+01,1.87142e+01
135,4.17325e+00,4.07279e+00,5.68286e+00,7.70667e+00,1.74076e+01,1.87339e+01
136,4.18975e+00,4.08927e+00,5.69972e+00,7.72401e+00,1.74273e+01,1.87539e+01
137,4.20653e+00,4.10602e+00,5.71687e+00,7.74165e+00,1.74473e+01,1.87742e+01
138,4.22358e+00,4.12305e+00,5.73429e+00,7.75957e+00,1.74677e+01,1.87949e+01
139,4.24090e+00,4.14034e+00,5.75199e+00,7.77778e+00,1.74883e+01,1.88159e+01
140,4.25849e+00,4.15790e+00,5.76996e+00,7.79626e+00,1.75093e+01,1.88372e+01
141,4.27633e+00,4.17572e+00,5.78819e+00,7.81502e+00,1.75306e+01,1.88588e+01
142,4.29442e+00,4.19378e+00,5.80667e+00,7.83403e+00,1.75522e+01,1.88808e+01
143,4.31276e+00,4.21209e+00,5.82541e+00,7.85331e+00,1.75740e+01,1.89030e+01
144,4.33134e+00,4.23065e+00,5.84439e+00,7.87284e+00,1.75962e+01,1.89255e+01
145,4.35015e+00,4.24943e+00,5.86362e+00,7.89261e+00,1.76186e+01,1.89483e+01
146,4.36919e+00,4.26844e+00,5.88307e+00,7.91262e+00,1.76413e+01,1.89714e+01
147,4.38844e+00,4.28767e+00,5.90275e+00,7.93287e+00,1.76643e+01,1.89948e+01
148,4.40792e+00,4.30712e+00,5.92265e+00,7.95334e+00,1.76876e+01,1.90184e+01
149,4.42760e+00,4.32677e+00,5.94276e+00,7.97403e+00,1.77110e+01,1.90423e+01
150,4.44749e+00,4.34663e+00,5.96308e+00,7.99494e+00,1.77348e+01,1.90664e+01
151,4.46757e+00,4.36668e+00,5.98360e+00,8.01605e+00,1.77587e+01,1.90907e+01
152,4.48784e+00,4.38692e+00,6.00431e+00,8.03736e+00,1.77829e+01,1.91153e+01
153,4.50829e+00,4.40734e+00,6.02521e+00,8.05886e+00,1.78073e+01,1.91401e+01
154,4.52892e+00,4.42794e+00,6.04629e+00,8.08054e+00,1.78319e+01,1.91651e+01
155,4.54971e+00,4.44871e+00,6.06754e+00,8.10241e+00,1.78568e+01,1.91904e+01
156,4.57068e+00,4.46964e+00,6.08896e+00,8.12444e+00,1.78818e+01,1.92158e+01
157,4.59179e+00,4.49072e+00,6.11054e+00,8.14664e+00,1.79070e+01,1.92414e+01
158,4.61306e+00,4.51196e+00,6.13227e+00,8.16900e+00,1.79324e+01,1.92672e+01
159,4.63446e+00,4.53333e+00,6.15415e+00,8.19151e+00,1.79579e+01,1.92932e+01
160,4.65601e+00,4.55485e+00,6.17616e+00,8.21416e+00,1.79836e+01,1.93193e+01
161,4.67768e+00,4.57649e+00,6.19831e+00,8.23694e+00,1.80095e+01,1.93456e+01
162,4.69947e+00,4.59825e+00,6.22058e+00,8.25986e+00,1.80355e+01,1.93720e+01
163,4.72138e+00,4.62012e+00,6.24297e+00,8.28289e+00,1.80617e+01,1.93986e+01
164,4.74339e+00,4.64211e+00,6.26546e+00,8.30604e+00,1.80879e+01,1.94253e+01
165,4.76551e+00,4.66419e+00,6.28806e+00,8.32929e+00,1.81143e+01,1.94521e+01
166,4.78772e+00,4.68636e+00,6.31076e+00,8.35264e+00,1.81409e+01,1.94791e+01
167,4.81001e+00,4.70863e+00,6.33354e+00,8.37608e+00,1.81675e+01,1.95061e+01
168,4.83239e+00,4.73097e+00,6.35640e+00,8.39960e+00,1.81942e+01,1.95333e+01
169,4.85483e+00,4.75338e+00,6.37934e+00,8.42320e+00,1.82210e+01,1.95605e+01
170,4.87734e+00,4.77585e+00,6.40235e+00,8.44687e+00,1.82479e+01,1.95879e+01
171,4.89991e+00,4.79839e+00,6.42541e+00,8.47060e+00,1.82748e+01,1.96152e+01
172,4.92252e+00,4.82097e+00,6.44852e+00,8.49438e+00,1.83018e+01,1.96427e+01
173,4.94518e+00,4.84360e+00,6.47168e+00,8.51821e+00,1.83289e+01,1.96702e+01
174,4.96788e+00,4.86626e+00,6.49487e+00,8.54207e+00,1.83560e+01,1.96978e+01
175,4.99060e+00,4.88895e+00,6.51809e+00,8.56597e+00,1.83831e+01,1.97253e+01
176,5.01334e+00,4.91166e+00,6.54134e+00,8.58988e+00,1.84103e+01,1.97529e+01
177,5.03610e+00,4.93438e+00,6.56459e+00,8.61381e+00,1.84375e+01,1.97806e+01
178,5.05886e+00,4.95711e+00,6.58786e+00,8.63775e+00,1.84647e+01,1.98082e+01
179,5.08163e+00,4.97984e+00,6.61112e+00,8.66169e+00,1.84918e+01,1.98359e+01
180,5.10438e+00,5.00256e+00,6.63438e+00,8.68562e+00,1.85190e+01,1.98635e+01
181,5.12712e+00,5.02527e+00,6.65761e+00,8.70953e+00,1.85462e+01,1.98911e+01
182,5.14984e+00,5.04795e+00,6.68083e+00,8.73342e+00,1.85733e+01,1.99187e+01
183,5.17252e+00,5.07061e+00,6.70402e+00,8.75728e+00,1.86004e+01,1.99462e+01
184,5.19517e+00,5.09322e+00,6.72716e+00,8.78109e+00,1.86275e+01,1.99737e+01
185,5.21777e+00,5.11579e+00,6.75026e+00,8.80487e+00,1.86545e+01,2.00012e+01
186,5.24033e+00,5.13831e+00,6.77331e+00,8.82858e+00,1.86814e+01,2.00286e+01
187,5.26282e+00,5.16077e+00,6.79630e+00,8.85224e+00,1.87083e+01,2.00559e+01
188,5.28525e+00,5.18316e+00,6.81922e+00,8.87583e+00,1.87351e+01,2.00831e+01
189,5.30760e+00,5.20548e+00,6.84207e+00,8.89933e+00,1.87618e+01,2.01103e+01
190,5.32987e+00,5.22772e+00,6.86483e+00,8.92276e+00,1.87885e+01,2.01373e+01
191,5.35206e+00,5.24988e+00,6.88751e+00,8.94609e+00,1.88150e+01,2.01643e+01
192,5.37415e+00,5.27193e+00,6.91008e+00,8.96933e+00,1.88414e+01,2.01911e+01
193,5.39613e+00,5.29389e+00,6.93256e+00,8.99245e+00,1.88676e+01,2.02178e+01
194,5.41801e+00,5.31574e+00,6.95492e+00,9.01546e+00,1.88938e+01,2.02444e+01
195,5.43977e+00,5.33747e+00,6.97716e+00,9.03835e+00,1.89198e+01,2.02709e+01
196,5.46141e+00,5.35908e+00,6.99928e+00,9.06112e+00,1.89457e+01,2.02971e+01
197,5.48292e+00,5.38055e+00,7.02126e+00,9.08374e+00,1.89714e+01,2.03233e+01
198,5.50430e+00,5.40190e+00,7.04311e+00,9.10622e+00,1.89969e+01,2.03493e+01
199,5.52553e+00,5.42309e+00,7.06481e+00,9.12855e+00,1.90223e+01,2.03751e+01
200,5.54661e+00,5.44414e+00,7.08635e+00,9.15072e+00,1.90475e+01,2.04007e+01
201,5.56753e+00,5.46503e+00,7.10774e+00,9.17273e+00,1.90725e+01,2.04261e+01
202,5.58829e+00,5.48576e+00,7.12895e+00,9.19456e+00,1.90973e+01,2.04513e+01
203,5.60887e+00,5.50632e+00,7.15000e+00,9.21622e+00,1.91220e+01,2.04763e+01
204,5.62928e+00,5.52670e+00,7.17086e+00,9.23769e+00,1.91464e+01,2.05012e+01
205,5.64951e+00,5.54689e+00,7.19153e+00,9.25897e+00,1.91706e+01,2.05257e+01
206,5.66955e+00,5.56690e+00,7.21201e+00,9.28004e+00,1.91945e+01,2.05501e+01
207,5.68938e+00,5.58671e+00,7.23229e+00,9.30091e+00,1.92182e+01,2.05742e+01
208,5.70902e+00,5.60632e+00,7.25236e+00,9.32157e+00,1.92417e+01,2.05981e+01
209,5.72845e+00,5.62572e+00,7.27222e+00,9.34200e+00,1.92650e+01,2.06217e+01
210,5.74766e+00,5.64490e+00,7.29185e+00,9.36222e+00,1.92879e+01,2.06451e+01
211,5.76665e+00,5.66386e+00,7.31127e+00,9.38219e+00,1.93106e+01,2.06681e+01
212,5.78541e+00,5.68260e+00,7.33044e+00,9.40193e+00,1.93331e+01,2.06910e+01
213,5.80394e+00,5.70110e+00,7.34938e+00,9.42142e+00,1.93552e+01,2.07135e+01
214,5.82223e+00,5.71936e+00,7.36807e+00,9.44066e+00,1.93771e+01,2.07357e+01
215,5.84027e+00,5.73737e+00,7.38652e+00,9.45964e+00,1.93987e+01,2.07577e+01
216,5.85806e+00,5.75514e+00,7.40470e+00,9.47836e+00,1.94200e+01,2.07793e+01
217,5.87559e+00,5.77265e+00,7.42262e+00,9.49680e+00,1.94410e+01,2.08006e+01
218,5.89286e+00,5.78989e+00,7.44028e+00,9.51497e+00,1.94616e+01,2.08216e+01
219,5.90986e+00,5.80687e+00,7.45766e+00,9.53286e+00,1.94820e+01,2.08423e+01
220,5.92659e+00,5.82357e+00,7.47476e+00,9.55046e+00,1.95020e+01,2.08626e+01
221,5.94304e+00,5.83999e+00,7.49157e+00,9.56776e+00,1.95216e+01,2.08826e+01
222,5.95920e+00,5.85613e+00,7.50809e+00,9.58477e+00,1.95410e+01,2.09023e+01
223,5.97508e+00,5.87198e+00,7.52432e+00,9.60147e+00,1.95600e+01,2.09216e+01
224,5.99065e+00,5.88754e+00,7.54024e+00,9.61786e+00,1.95786e+01,2.09405e+01
225,6.00593e+00,5.90279e+00,7.55586e+00,9.63393e+00,1.95969e+01,2.09591e+01
226,6.02091e+00,5.91774e+00,7.57116e+00,9.64968e+00,1.96148e+01,2.09773e+01
227,6.03557e+00,5.93238e+00,7.58615e+00,9.66511e+00,1.96324e+01,2.09952e+01
228,6.04991e+00,5.94671e+00,7.60082e+00,9.68021e+00,1.96495e+01,2.10126e+01
229,6.06394e+00,5.96072e+00,7.61516e+00,9.69497e+00,1.96663e+01,2.10297e+01
230,6.07765e+00,5.97440e+00,7.62916e+00,9.70938e+00,1.96827e+01,2.10464e+01
231,6.09102e+00,5.98775e+00,7.64284e+00,9.72346e+00,1.96987e+01,2.10626e+01
232,6.10406e+00,6.00078e+00,7.65617e+00,9.73718e+00,1.97143e+01,2.10785e+01
233,6.11677e+00,6.01346e+00,7.66916e+00,9.75055e+00,1.97295e+01,2.10940e+01
234,6.12913e+00,6.02581e+00,7.68179e+00,9.76355e+00,1.97443e+01,2.11090e+01
235,6.14115e+00,6.03781e+00,7.69408e+00,9.77620e+00,1.97587e+01,2.11236e+01
236,6.15281e+00,6.04946e+00,7.70601e+00,9.78848e+00,1.97727e+01,2.11378e+01
237,6.16413e+00,6.06075e+00,7.71757e+00,9.80038e+00,1.97862e+01,2.11516e+01
238,6.17509e+00,6.07170e+00,7.72877e+00,9.81191e+00,1.97993e+01,2.11649e+01
239,6.18568e+00,6.08228e+00,7.73960e+00,9.82306e+00,1.98120e+01,2.11778e+01
240,6.19591e+00,6.09249e+00,7.75006e+00,9.83382e+00,1.98242e+01,2.11903e+01
241,6.20578e+00,6.10234e+00,7.76015e+00,9.84420e+00,1.98361e+01,2.12023e+01
242,6.21527e+00,6.11182e+00,7.76985e+00,9.85419e+00,1.98474e+01,2.12138e+01
243,6.22439e+00,6.12092e+00,7.77917e+00,9.86379e+00,1.98583e+01,2.12249e+01
244,6.23313e+00,6.12965e+00,7.78811e+00,9.87298e+00,1.98688e+01,2.12355e+01
245,6.24149e+00,6.13800e+00,7.79665e+00,9.88178e+00,1.98788e+01,2.12457e+01
246,6.24947e+00,6.14597e+00,7.80481e+00,9.89017e+00,1.98884e+01,2.12554e+01
247,6.25706e+00,6.15355e+00,7.81257e+00,9.89816e+00,1.98974e+01,2.12647e+01
248,6.26426e+00,6.16074e+00,7.81993e+00,9.90574e+00,1.99061e+01,2.12734e+01
249,6.27107e+00,6.16754e+00,7.82689e+00,9.91291e+00,1.99142e+01,2.12817e+01
250,6.27749e+00,6.17395e+00,7.83345e+00,9.91966e+00,1.99219e+01,2.12895e+01
251,6.28351e+00,6.17996e+00,7.83961e+00,9.92600e+00,1.99291e+01,2.12969e+01
252,6.28899e+00,6.18543e+00,7.84523e+00,9.93181e+00,1.99358e+01,2.13037e+01
253,6.29422e+00,6.19065e+00,7.85058e+00,9.93731e+00,1.99421e+01,2.13101e+01
254,6.29905e+00,6.19548e+00,7.85552e+00,9.94239e+00,1.99479e+01,2.13159e+01
255,6.30348e+00,6.19990e+00,7.86004e+00,9.94705e+00,1.99531e+01,2.13213e+01
256,6.30751e+00,6.20392e+00,7.86415e+00,9.95128e+00,1.99579e+01,2.13262e+01
257,6.31112e+00,6.20753e+00,7.86785e+00,9.95508e+00,1.99623e+01,2.13306e+01
258,6.31433e+00,6.21073e+00,7.87113e+00,9.95845e+00,1.99661e+01,2.13345e+01
259,6.31713e+00,6.21353e+00,7.87399e+00,9.96140e+00,1.99694e+01,2.13379e+01
260,6.31952e+00,6.21591e+00,7.87643e+00,9.96391e+00,1.99723e+01,2.13408e+01
261,6.32149e+00,6.21788e+00,7.87844e+00,9.96598e+00,1.99746e+01,2.13431e+01
262,6.32305e+00,6.21944e+00,7.88004e+00,9.96762e+00,1.99765e+01,2.13450e+01
263,6.32420e+00,6.22059e+00,7.88122e+00,9.96883e+00,1.99779e+01,2.13464e+01
264,6.32494e+00,6.22133e+00,7.88197e+00,9.96960e+00,1.99787e+01,2.13473e+01
265,6.32526e+00,6.22165e+00,7.88229e+00,9.96993e+00,1.99791e+01,2.13477e+01
266,6.32517e+00,6.22155e+00,7.88219e+00,9.96983e+00,1.99790e+01,2.13475e+01
267,6.32466e+00,6.22105e+00,7.88167e+00,9.96929e+00,1.99784e+01,2.13469e+01
268,6.32373e+00,6.22012e+00,7.88072e+00,9.96832e+00,1.99772e+01,2.13458e+01
269,6.32239e+00,6.21878e+00,7.87935e+00,9.96690e+00,1.99756e+01,2.13441e+01
270,6.32063e+00,6.21703e+00,7.87756e+00,9.96505e+00,1.99735e+01,2.13420e+01
271,6.31846e+00,6.21486e+00,7.87533e+00,9.96276e+00,1.99709e+01,2.13393e+01
272,6.31588e+00,6.21228e+00,7.87269e+00,9.96004e+00,1.99678e+01,2.13362e+01
273,6.31287e+00,6.20928e+00,7.86962e+00,9.95687e+00,1.99642e+01,2.13325e+01
274,6.30946e+00,6.20587e+00,7.86613e+00,9.95328e+00,1.99601e+01,2.13283e+01
275,6.30563e+00,6.20205e+00,7.86221e+00,9.94925e+00,1.99555e+01,2.13237e+01
276,6.30139e+00,6.19781e+00,7.85788e+00,9.94478e+00,1.99504e+01,2.13185e+01
277,6.29674e+00,6.19317e+00,7.85312e+00,9.93988e+00,1.99448e+01,2.13128e+01
278,6.29168e+00,6.18812e+00,7.84794e+00,9.93455e+00,1.99387e+01,2.13066e+01
279,6.28621e+00,6.18265e+00,7.84235e+00,9.92879e+00,1.99322e+01,2.13000e+01
280,6.28017e+00,6.17663e+00,7.83620e+00,9.92249e+00,1.99251e+01,2.12928e+01
281,6.27388e+00,6.17034e+00,7.82976e+00,9.91586e+00,1.99176e+01,2.12851e+01
282,6.26718e+00,6.16365e+00,7.82291e+00,9.90881e+00,1.99096e+01,2.12770e+01
283,6.26007e+00,6.15656e+00,7.81565e+00,9.90134e+00,1.99010e+01,2.12683e+01
284,6.25257e+00,6.14906e+00,7.80798e+00,9.89344e+00,1.98921e+01,2.12592e+01
285,6.24467e+00,6.14117e+00,7.79990e+00,9.88512e+00,1.98826e+01,2.12496e+01
286,6.23636e+00,6.13288e+00,7.79141e+00,9.87639e+00,1.98727e+01,2.12395e+01
287,6.22767e+00,6.12420e+00,7.78253e+00,9.86724e+00,1.98623e+01,2.12289e+01
288,6.21858e+00,6.11513e+00,7.77323e+00,9.85768e+00,1.98514e+01,2.12178e+01
289,6.20910e+00,6.10566e+00,7.76355e+00,9.84770e+00,1.98400e+01,2.12063e+01
290,6.19924e+00,6.09581e+00,7.75346e+00,9.83732e+00,1.98282e+01,2.11943e+01
291,6.18899e+00,6.08557e+00,7.74298e+00,9.82653e+00,1.98160e+01,2.11818e+01
292,6.17835e+00,6.07496e+00,7.73211e+00,9.81535e+00,1.98032e+01,2.11689e+01
293,6.16734e+00,6.06396e+00,7.72085e+00,9.80376e+00,1.97901e+01,2.11555e+01
294,6.15595e+00,6.05259e+00,7.70921e+00,9.79178e+00,1.97764e+01,2.11416e+01
295,6.14419e+00,6.04085e+00,7.69719e+00,9.77940e+00,1.97623e+01,2.11273e+01
296,6.13206e+00,6.02873e+00,7.68479e+00,9.76664e+00,1.97478e+01,2.11126e+01
297,6.11956e+00,6.01626e+00,7.67201e+00,9.75349e+00,1.97329e+01,2.10974e+01
298,6.10670e+00,6.00341e+00,7.65887e+00,9.73996e+00,1.97175e+01,2.10817e+01
299,6.09348e+00,5.99021e+00,7.64536e+00,9.72605e+00,1.97017e+01,2.10656e+01
300,6.07991e+00,5.97666e+00,7.63148e+00,9.71177e+00,1.96854e+01,2.10491e+01
301,6.06598e+00,5.96275e+00,7.61724e+00,9.69711e+00,1.96687e+01,2.10322e+01
302,6.05171e+00,5.94850e+00,7.60265e+00,9.68209e+00,1.96517e+01,2.10148e+01
303,6.03709e+00,5.93390e+00,7.58771e+00,9.66671e+00,1.96342e+01,2.09970e+01
304,6.02213e+00,5.91897e+00,7.57242e+00,9.65098e+00,1.96163e+01,2.09788e+01
305,6.00684e+00,5.90370e+00,7.55678e+00,9.63488e+00,1.95980e+01,2.09602e+01
306,5.99121e+00,5.88810e+00,7.54081e+00,9.61845e+00,1.95793e+01,2.09412e+01
307,5.97526e+00,5.87217e+00,7.52451e+00,9.60166e+00,1.95602e+01,2.09218e+01
308,5.95899e+00,5.85592e+00,7.50787e+00,9.58454e+00,1.95407e+01,2.09020e+01
309,5.94240e+00,5.83935e+00,7.49091e+00,9.56709e+00,1.95209e+01,2.08819e+01
310,5.92549e+00,5.82247e+00,7.47363e+00,9.54930e+00,1.95007e+01,2.08613e+01
311,5.90828e+00,5.80529e+00,7.45604e+00,9.53119e+00,1.94801e+01,2.08404e+01
312,5.89077e+00,5.78780e+00,7.43814e+00,9.51277e+00,1.94591e+01,2.08191e+01
313,5.87295e+00,5.77001e+00,7.41993e+00,9.49403e+00,1.94378e+01,2.07974e+01
314,5.85485e+00,5.75193e+00,7.40142e+00,9.47498e+00,1.94161e+01,2.07754e+01
315,5.83645e+00,5.73356e+00,7.38262e+00,9.45563e+00,1.93941e+01,2.07530e+01
316,5.81778e+00,5.71491e+00,7.36353e+00,9.43598e+00,1.93718e+01,2.07303e+01
317,5.79882e+00,5.69599e+00,7.34415e+00,9.41604e+00,1.93491e+01,2.07073e+01
318,5.77960e+00,5.67679e+00,7.32450e+00,9.39581e+00,1.93261e+01,2.06839e+01
319,5.76011e+00,5.65733e+00,7.30458e+00,9.37531e+00,1.93028e+01,2.06602e+01
320,5.74036e+00,5.63761e+00,7.28439e+00,9.35453e+00,1.92792e+01,2.06362e+01
321,5.72035e+00,5.61763e+00,7.26394e+00,9.33348e+00,1.92553e+01,2.06119e+01
322,5.70009e+00,5.59740e+00,7.24323e+00,9.31218e+00,1.92310e+01,2.05872e+01
323,5.67959e+00,5.57693e+00,7.22228e+00,9.29061e+00,1.92065e+01,2.05623e+01
324,5.65886e+00,5.55623e+00,7.20109e+00,9.26880e+00,1.91817e+01,2.05371e+01
325,5.63789e+00,5.53529e+00,7.17965e+00,9.24674e+00,1.91567e+01,2.05116e+01
326,5.61670e+00,5.51413e+00,7.15799e+00,9.22445e+00,1.91313e+01,2.04859e+01
327,5.59528e+00,5.49275e+00,7.13611e+00,9.20193e+00,1.91057e+01,2.04598e+01
328,5.57366e+00,5.47115e+00,7.11400e+00,9.17918e+00,1.90799e+01,2.04335e+01
329,5.55183e+00,5.44936e+00,7.09169e+00,9.15621e+00,1.90538e+01,2.04070e+01
330,5.52979e+00,5.42736e+00,7.06917e+00,9.13304e+00,1.90274e+01,2.03802e+01
331,5.50757e+00,5.40516e+00,7.04645e+00,9.10966e+00,1.90008e+01,2.03532e+01
332,5.48516e+00,5.38278e+00,7.02354e+00,9.08609e+00,1.89741e+01,2.03260e+01
333,5.46256e+00,5.36022e+00,7.00045e+00,9.06232e+00,1.89470e+01,2.02985e+01
334,5.43979e+00,5.33749e+00,6.97718e+00,9.03837e+00,1.89198e+01,2.02709e+01
335,5.41686e+00,5.31458e+00,6.95374e+00,9.01425e+00,1.88924e+01,2.02430e+01
336,5.39376e+00,5.29152e+00,6.93013e+00,8.98996e+00,1.88648e+01,2.02149e+01
337,5.37051e+00,5.26830e+00,6.90637e+00,8.96550e+00,1.88370e+01,2.01867e+01
338,5.34711e+00,5.24494e+00,6.88245e+00,8.94089e+00,1.88091e+01,2.01583e+01
339,5.32357e+00,5.22143e+00,6.85839e+00,8.91613e+00,1.87809e+01,2.01297e+01
340,5.29990e+00,5.19779e+00,6.83420e+00,8.89123e+00,1.87526e+01,2.01009e+01
341,5.27610e+00,5.17403e+00,6.80987e+00,8.86620e+00,1.87242e+01,2.00720e+01
342,5.25217e+00,5.15014e+00,6.78542e+00,8.84105e+00,1.86956e+01,2.00430e+01
343,5.22814e+00,5.12614e+00,6.76086e+00,8.81577e+00,1.86669e+01,2.00138e+01
344,5.20400e+00,5.10204e+00,6.73619e+00,8.79038e+00,1.86380e+01,1.99845e+01
345,5.17976e+00,5.07784e+00,6.71142e+00,8.76489e+00,1.86091e+01,1.99550e+01
346,5.15543e+00,5.05354e+00,6.68655e+00,8.73931e+00,1.85800e+01,1.99255e+01
347,5.13102e+00,5.02916e+00,6.66160e+00,8.71363e+00,1.85509e+01,1.98958e+01
348,5.10653e+00,5.00471e+00,6.63657e+00,8.68787e+00,1.85216e+01,1.98661e+01
349,5.08196e+00,4.98018e+00,6.61146e+00,8.66204e+00,1.84922e+01,1.98363e+01
350,5.05734e+00,4.95559e+00,6.58630e+00,8.63614e+00,1.84628e+01,1.98064e+01
351,5.03265e+00,4.93094e+00,6.56107e+00,8.61019e+00,1.84334e+01,1.97764e+01
352,5.00792e+00,4.90625e+00,6.53580e+00,8.58418e+00,1.84038e+01,1.97464e+01
353,4.98315e+00,4.88151e+00,6.51048e+00,8.55813e+00,1.83742e+01,1.97163e+01
354,4.95834e+00,4.85674e+00,6.48513e+00,8.53205e+00,1.83446e+01,1.96862e+01
355,4.93351e+00,4.83194e+00,6.45975e+00,8.50593e+00,1.83149e+01,1.96560e+01
356,4.90866e+00,4.80713e+00,6.43435e+00,8.47980e+00,1.82853e+01,1.96259e+01
357,4.88379e+00,4.78230e+00,6.40894e+00,8.45365e+00,1.82556e+01,1.95957e+01
358,4.85892e+00,4.75746e+00,6.38352e+00,8.42750e+00,1.82259e+01,1.95655e+01
359,4.83405e+00,4.73263e+00,6.35811e+00,8.40135e+00,1.81962e+01,1.95353e+01
360,4.80919e+00,4.70781e+00,6.33270e+00,8.37521e+00,1.81665e+01,1.95052e+01
361,4.78435e+00,4.68300e+00,6.30731e+00,8.34909e+00,1.81368e+01,1.94750e+01
362,4.75953e+00,4.65822e+00,6.28195e+00,8.32300e+00,1.81072e+01,1.94449e+01
363,4.73474e+00,4.63346e+00,6.25662e+00,8.29694e+00,1.80776e+01,1.94148e+01
364,4.70999e+00,4.60875e+00,6.23133e+00,8.27092e+00,1.80481e+01,1.93848e+01
365,4.68529e+00,4.58408e+00,6.20608e+00,8.24494e+00,1.80186e+01,1.93548e+01
366,4.66064e+00,4.55947e+00,6.18089e+00,8.21903e+00,1.79891e+01,1.93249e+01
367,4.63605e+00,4.53492e+00,6.15577e+00,8.19317e+00,1.79598e+01,1.92951e+01
368,4.61153e+00,4.51043e+00,6.13071e+00,8.16739e+00,1.79305e+01,1.92653e+01
369,4.58708e+00,4.48602e+00,6.10573e+00,8.14169e+00,1.79013e+01,1.92357e+01
370,4.56271e+00,4.46169e+00,6.08083e+00,8.11607e+00,1.78723e+01,1.92061e+01
371,4.53844e+00,4.43745e+00,6.05602e+00,8.09055e+00,1.78433e+01,1.91767e+01
372,4.51426e+00,4.41330e+00,6.03131e+00,8.06513e+00,1.78144e+01,1.91473e+01
373,4.49018e+00,4.38926e+00,6.00671e+00,8.03982e+00,1.77857e+01,1.91181e+01
374,4.46621e+00,4.36533e+00,5.98222e+00,8.01462e+00,1.77571e+01,1.90891e+01
375,4.44236e+00,4.34151e+00,5.95785e+00,7.98955e+00,1.77287e+01,1.90602e+01
376,4.41864e+00,4.31782e+00,5.93360e+00,7.96461e+00,1.77003e+01,1.90314e+01
377,4.39504e+00,4.29426e+00,5.90949e+00,7.93981e+00,1.76722e+01,1.90028e+01
378,4.37159e+00,4.27084e+00,5.88553e+00,7.91515e+00,1.76442e+01,1.89743e+01
379,4.34828e+00,4.24756e+00,5.86171e+00,7.89065e+00,1.76164e+01,1.89461e+01
380,4.32512e+00,4.22444e+00,5.83804e+00,7.86630e+00,1.75888e+01,1.89180e+01
381,4.30212e+00,4.20147e+00,5.81454e+00,7.84213e+00,1.75613e+01,1.88901e+01
382,4.27929e+00,4.17867e+00,5.79121e+00,7.81813e+00,1.75341e+01,1.88624e+01
383,4.25663e+00,4.15604e+00,5.76806e+00,7.79431e+00,1.75071e+01,1.88350e+01
384,4.23414e+00,4.13359e+00,5.74508e+00,7.77067e+00,1.74803e+01,1.88077e+01
385,4.21185e+00,4.11133e+00,5.72230e+00,7.74724e+00,1.74537e+01,1.87807e+01
386,4.18974e+00,4.08925e+00,5.69971e+00,7.72400e+00,1.74273e+01,1.87539e+01
387,4.16783e+00,4.06738e+00,5.67733e+00,7.70097e+00,1.74012e+01,1.87273e+01
388,4.14613e+00,4.04571e+00,5.65515e+00,7.67816e+00,1.73753e+01,1.87010e+01
389,4.12464e+00,4.02425e+00,5.63320e+00,7.65558e+00,1.73497e+01,1.86750e+01
390,4.10337e+00,4.00301e+00,5.61146e+00,7.63322e+00,1.73243e+01,1.86492e+01
391,4.08232e+00,3.98199e+00,5.58995e+00,7.61109e+00,1.72992e+01,1.86237e+01
392,4.06150e+00,3.96120e+00,5.56868e+00,7.58921e+00,1.72744e+01,1.85985e+01
393,4.04092e+00,3.94065e+00,5.54765e+00,7.56758e+00,1.72498e+01,1.85735e+01
394,4.02057e+00,3.92033e+00,5.52686e+00,7.54620e+00,1.72256e+01,1.85489e+01
395,4.00048e+00,3.90027e+00,5.50633e+00,7.52508e+00,1.72016e+01,1.85245e+01
396,3.98064e+00,3.88046e+00,5.48606e+00,7.50423e+00,1.71780e+01,1.85005e+01
397,3.96106e+00,3.86091e+00,5.46606e+00,7.48365e+00,1.71546e+01,1.84768e+01
398,3.94175e+00,3.84162e+00,5.44632e+00,7.46335e+00,1.71316e+01,1.84534e+01
399,3.92270e+00,3.82260e+00,5.42687e+00,7.44334e+00,1.71089e+01,1.84303e+01
400,3.90394e+00,3.80386e+00,5.40769e+00,7.42361e+00,1.70865e+01,1.84076e+01
401,3.88545e+00,3.78540e+00,5.38880e+00,7.40418e+00,1.70645e+01,1.83852e+01
402,3.86725e+00,3.76723e+00,5.37021e+00,7.38506e+00,1.70428e+01,1.83631e+01
403,3.84935e+00,3.74935e+00,5.35192e+00,7.36624e+00,1.70215e+01,1.83414e+01
404,3.83174e+00,3.73177e+00,5.33393e+00,7.34774e+00,1.70005e+01,1.83201e+01
405,3.81443e+00,3.71449e+00,5.31625e+00,7.32955e+00,1.69798e+01,1.82992e+01
406,3.79744e+00,3.69752e+00,5.29888e+00,7.31169e+00,1.69596e+01,1.82786e+01
407,3.78075e+00,3.68086e+00,5.28184e+00,7.29416e+00,1.69397e+01,1.82584e+01
408,3.76439e+00,3.66452e+00,5.26512e+00,7.27696e+00,1.69202e+01,1.82385e+01
409,3.74835e+00,3.64850e+00,5.24872e+00,7.26010e+00,1.69011e+01,1.82191e+01
410,3.73263e+00,3.63280e+00,5.23267e+00,7.24359e+00,1.68823e+01,1.82001e+01
411,3.71724e+00,3.61744e+00,5.21695e+00,7.22742e+00,1.68640e+01,1.81814e+01
412,3.70219e+00,3.60241e+00,5.20157e+00,7.21161e+00,1.68461e+01,1.81632e+01
413,3.68749e+00,3.58773e+00,5.18655e+00,7.19615e+00,1.68286e+01,1.81454e+01
414,3.67312e+00,3.57338e+00,5.17187e+00,7.18106e+00,1.68114e+01,1.81280e+01
415,3.65911e+00,3.55939e+00,5.15755e+00,7.16633e+00,1.67947e+01,1.81111e+01
416,3.64545e+00,3.54575e+00,5.14360e+00,7.15197e+00,1.67785e+01,1.80945e+01
417,3.63214e+00,3.53246e+00,5.13000e+00,7.13799e+00,1.67626e+01,1.80784e+01
418,3.61919e+00,3.51953e+00,5.11678e+00,7.12439e+00,1.67472e+01,1.80627e+01
419,3.60661e+00,3.50697e+00,5.10392e+00,7.11117e+00,1.67322e+01,1.80475e+01
420,3.59440e+00,3.49477e+00,5.09144e+00,7.09833e+00,1.67176e+01,1.80327e+01
421,3.58256e+00,3.48295e+00,5.07935e+00,7.08589e+00,1.67035e+01,1.80184e+01
422,3.57109e+00,3.47150e+00,5.06763e+00,7.07384e+00,1.66899e+01,1.80045e+01
423,3.56000e+00,3.46042e+00,5.05630e+00,7.06218e+00,1.66767e+01,1.79911e+01
424,3.54929e+00,3.44973e+00,5.04536e+00,7.05093e+00,1.66639e+01,1.79781e+01
425,3.53896e+00,3.43942e+00,5.03481e+00,7.04008e+00,1.66516e+01,1.79656e+01
426,3.52902e+00,3.42949e+00,5.02465e+00,7.02964e+00,1.66398e+01,1.79536e+01
427,3.51947e+00,3.41995e+00,5.01490e+00,7.01960e+00,1.66284e+01,1.79420e+01
428,3.51032e+00,3.41081e+00,5.00554e+00,7.00998e+00,1.66175e+01,1.79309e+01
429,3.50155e+00,3.40206e+00,4.99659e+00,7.00077e+00,1.66070e+01,1.79203e+01
430,3.49319e+00,3.39371e+00,4.98804e+00,6.99198e+00,1.65971e+01,1.79102e+01
431,3.48522e+00,3.38575e+00,4.97990e+00,6.98361e+00,1.65876e+01,1.79005e+01
432,3.47765e+00,3.37820e+00,4.97217e+00,6.97566e+00,1.65786e+01,1.78914e+01
433,3.47049e+00,3.37104e+00,4.96486e+00,6.96814e+00,1.65700e+01,1.78827e+01
434,3.46374e+00,3.36430e+00,4.95795e+00,6.96104e+00,1.65620e+01,1.78745e+01
435,3.45739e+00,3.35796e+00,4.95147e+00,6.95437e+00,1.65544e+01,1.78668e+01
436,3.45145e+00,3.35202e+00,4.94540e+00,6.94813e+00,1.65474e+01,1.78597e+01
437,3.44591e+00,3.34650e+00,4.93975e+00,6.94232e+00,1.65408e+01,1.78530e+01
438,3.44080e+00,3.34139e+00,4.93452e+00,6.93694e+00,1.65347e+01,1.78468e+01
439,3.43609e+00,3.33669e+00,4.92971e+00,6.93199e+00,1.65291e+01,1.78411e+01
440,3.43180e+00,3.33241e+00,4.92533e+00,6.92748e+00,1.65240e+01,1.78359e+01
441,3.42804e+00,3.32865e+00,4.92147e+00,6.92350e+00,1.65193e+01,1.78312e+01
442,3.42457e+00,3.32519e+00,4.91793e+00,6.91986e+00,1.65152e+01,1.78270e+01
443,3.42152e+00,3.32214e+00,4.91481e+00,6.91665e+00,1.65116e+01,1.78233e+01
444,3.41888e+00,3.31950e+00,4.91212e+00,6.91388e+00,1.65085e+01,1.78201e+01
445,3.41665e+00,3.31728e+00,4.90985e+00,6.91155e+00,1.65058e+01,1.78175e+01
446,3.41485e+00,3.31548e+00,4.90801e+00,6.90966e+00,1.65037e+01,1.78153e+01
447,3.41347e+00,3.31410e+00,4.90660e+00,6.90821e+00,1.65021e+01,1.78136e+01
448,3.41250e+00,3.31314e+00,4.90561e+00,6.90720e+00,1.65009e+01,1.78125e+01
449,3.41195e+00,3.31259e+00,4.90505e+00,6.90663e+00,1.65003e+01,1.78118e+01
450,3.41183e+00,3.31246e+00,4.90492e+00,6.90650e+00,1.65002e+01,1.78117e+01
451,3.41212e+00,3.31275e+00,4.90522e+00,6.90681e+00,1.65005e+01,1.78121e+01
452,3.41282e+00,3.31346e+00,4.90595e+00,6.90755e+00,1.65014e+01,1.78129e+01
453,3.41395e+00,3.31458e+00,4.90710e+00,6.90874e+00,1.65027e+01,1.78143e+01
454,3.41549e+00,3.31612e+00,4.90867e+00,6.91036e+00,1.65046e+01,1.78162e+01
455,3.41745e+00,3.31808e+00,4.91068e+00,6.91243e+00,1.65069e+01,1.78186e+01
456,3.41982e+00,3.32045e+00,4.91310e+00,6.91492e+00,1.65098e+01,1.78215e+01
457,3.42261e+00,3.32323e+00,4.91595e+00,6.91785e+00,1.65131e+01,1.78249e+01
458,3.42581e+00,3.32642e+00,4.91922e+00,6.92122e+00,1.65169e+01,1.78288e+01
459,3.42942e+00,3.33003e+00,4.92291e+00,6.92502e+00,1.65212e+01,1.78331e+01
460,3.43357e+00,3.33417e+00,4.92714e+00,6.92934e+00,1.65261e+01,1.78380e+01
461,3.43801e+00,3.33861e+00,4.93168e+00,6.93401e+00,1.65314e+01,1.78434e+01
462,3.44286e+00,3.34345e+00,4.93663e+00,6.93911e+00,1.65371e+01,1.78493e+01
463,3.44812e+00,3.34870e+00,4.94200e+00,6.94463e+00,1.65434e+01,1.78556e+01
464,3.45378e+00,3.35435e+00,4.94778e+00,6.95058e+00,1.65501e+01,1.78625e+01
465,3.45984e+00,3.36040e+00,4.95397e+00,6.95694e+00,1.65573e+01,1.78698e+01
466,3.46630e+00,3.36685e+00,4.96057e+00,6.96373e+00,1.65650e+01,1.78776e+01
467,3.47315e+00,3.37370e+00,4.96757e+00,6.97093e+00,1.65732e+01,1.78859e+01
468,3.48040e+00,3.38094e+00,4.97498e+00,6.97855e+00,1.65818e+01,1.78947e+01
469,3.48804e+00,3.38857e+00,4.98279e+00,6.98658e+00,1.65909e+01,1.79040e+01
470,3.49607e+00,3.39659e+00,4.99099e+00,6.99502e+00,1.66005e+01,1.79137e+01
471,3.50449e+00,3.40499e+00,4.99959e+00,7.00386e+00,1.66105e+01,1.79239e+01
472,3.51329e+00,3.41378e+00,5.00858e+00,7.01311e+00,1.66210e+01,1.79345e+01
473,3.52247e+00,3.42295e+00,5.01796e+00,7.02276e+00,1.66320e+01,1.79456e+01
474,3.53203e+00,3.43249e+00,5.02773e+00,7.03280e+00,1.66433e+01,1.79572e+01
475,3.54196e+00,3.44241e+00,5.03787e+00,7.04323e+00,1.66552e+01,1.79692e+01
476,3.55227e+00,3.45270e+00,5.04840e+00,7.05406e+00,1.66675e+01,1.79817e+01
477,3.56294e+00,3.46336e+00,5.05930e+00,7.06527e+00,1.66802e+01,1.79946e+01
478,3.57397e+00,3.47437e+00,5.07057e+00,7.07687e+00,1.66933e+01,1.80080e+01
479,3.58536e+00,3.48575e+00,5.08221e+00,7.08884e+00,1.67069e+01,1.80218e+01
480,3.59712e+00,3.49749e+00,5.09422e+00,7.10119e+00,1.67209e+01,1.80360e+01
481,3.60922e+00,3.50957e+00,5.10658e+00,7.11390e+00,1.67353e+01,1.80506e+01
482,3.62167e+00,3.52200e+00,5.11930e+00,7.12699e+00,1.67501e+01,1.80657e+01
483,3.63446e+00,3.53478e+00,5.13238e+00,7.14043e+00,1.67654e+01,1.80812e+01
484,3.64760e+00,3.54790e+00,5.14580e+00,7.15423e+00,1.67810e+01,1.80971e+01
485,3.66107e+00,3.56135e+00,5.15956e+00,7.16839e+00,1.67971e+01,1.81134e+01
486,3.67487e+00,3.57513e+00,5.17366e+00,7.18289e+00,1.68135e+01,1.81301e+01
487,3.68900e+00,3.58924e+00,5.18809e+00,7.19774e+00,1.68304e+01,1.81472e+01
488,3.70345e+00,3.60367e+00,5.20286e+00,7.21292e+00,1.68476e+01,1.81647e+01
489,3.71822e+00,3.61841e+00,5.21794e+00,7.22844e+00,1.68652e+01,1.81826e+01
490,3.73330e+00,3.63347e+00,5.23335e+00,7.24429e+00,1.68831e+01,1.82009e+01
491,3.74868e+00,3.64883e+00,5.24907e+00,7.26046e+00,1.69015e+01,1.82195e+01
492,3.76437e+00,3.66450e+00,5.26510e+00,7.27694e+00,1.69202e+01,1.82385e+01
493,3.78036e+00,3.68046e+00,5.28143e+00,7.29374e+00,1.69392e+01,1.82579e+01
494,3.79664e+00,3.69672e+00,5.29806e+00,7.31085e+00,1.69586e+01,1.82776e+01
495,3.81320e+00,3.71326e+00,5.31499e+00,7.32826e+00,1.69784e+01,1.82977e+01
496,3.83005e+00,3.73008e+00,5.33220e+00,7.34596e+00,1.69984e+01,1.83181e+01
497,3.84717e+00,3.74718e+00,5.34969e+00,7.36396e+00,1.70189e+01,1.83388e+01
498,3.86456e+00,3.76455e+00,5.36746e+00,7.38223e+00,1.70396e+01,1.83599e+01
499,3.88222e+00,3.78218e+00,5.38550e+00,7.40079e+00,1.70606e+01,1.83813e+01
500,3.90014e+00,3.80007e+00,5.40381e+00,7.41962e+00,1.70820e+01,1.84030e+01
